------- test 1 [length 16 bytes] ----
3 2 1 2
1 3
2 3
------- test 2 [length 138 bytes] ----
20 26 1 2
1 9
1 17
1 19
2 6
2 9
2 14
3 15
3 16
3 18
4 8
5 6
5 7
5 12
5 17
6 7
6 19
7 13
7 14
7 15
9 12
9 14
10 14
11 12
12 17
13 15
15 17
------- test 3 [length 60 bytes] ----
10 12 1 2
1 3
1 5
1 7
1 9
2 4
2 6
2 8
2 10
3 4
5 6
7 8
9 10
------- test 4 [length 426 bytes] ----
40 76 1 2
1 6
1 11
1 12
1 19
1 31
1 33
1 35
2 3
2 4
2 17
2 20
2 33
3 4
3 11
3 36
4 37
5 9
6 8
6 9
6 21
6 22
6 27
6 32
6 35
6 36
7 19
7 24
8 10
8 11
8 20
8 25
8 28
9 10
10 12
11 14
11 20
12 14
12 15
12 28
12 39
13 21
13 36
14 15
14 18
14 36
14 39
15 30
15 33
16 17
16 21
16 37
17 18
17 26
17 28
17 36
19 26
21 28
21 37
22 24
22 29
22 31
23 24
24 30
27 29
27 31
27 40
29 31
30 32
30 40
32 34
32 37
34 39
35 40
36 37
36 40
38 39
------- test 5 [length 57 bytes] ----
9 12 1 2
1 3
1 4
1 5
2 6
2 7
2 8
3 9
4 9
5 9
6 9
7 9
8 9
------- test 6 [length 629 bytes] ----
20 120 1 2
1 3
1 6
1 8
1 9
1 10
1 12
1 15
1 17
1 19
2 3
2 4
2 5
2 6
2 7
2 8
2 11
2 14
2 15
2 16
2 17
2 19
2 20
3 5
3 6
3 7
3 8
3 14
3 16
3 17
3 18
3 20
4 5
4 8
4 9
4 10
4 11
4 12
4 13
4 15
4 16
4 17
4 18
4 19
5 6
5 8
5 11
5 12
5 13
5 15
5 16
5 18
5 20
6 7
6 8
6 11
6 12
6 13
6 16
6 17
6 18
6 19
6 20
7 8
7 11
7 12
7 13
7 15
7 19
7 20
8 11
8 12
8 13
8 14
8 15
8 16
8 18
9 10
9 12
9 16
9 20
10 11
10 12
10 13
10 14
10 15
10 16
10 17
11 12
11 13
11 14
11 17
11 18
11 19
11 20
12 13
12 14
12 16
12 17
12 18
12 19
13 17
13 19
13 20
14 16
14 18
14 19
14 20
15 16
15 18
15 19
16 17
16 18
16 19
16 20
17 18
17 19
17 20
18 19
18 20
19 20
------- test 7 [length 405 bytes] ----
20 77 1 2
1 14
1 17
1 20
2 3
2 11
2 12
2 13
2 16
3 5
3 6
3 8
3 9
3 11
3 14
3 15
3 20
4 5
4 6
4 12
4 13
4 14
4 15
4 18
5 11
5 12
5 13
5 15
5 16
5 19
5 20
6 7
6 13
6 14
6 15
6 16
6 17
7 9
7 10
7 13
7 14
7 15
7 20
8 9
8 10
8 11
8 17
8 19
8 20
9 10
9 11
9 12
9 13
9 14
9 17
9 18
9 19
9 20
10 11
10 13
10 15
10 18
11 13
11 14
11 15
11 17
11 18
11 19
12 18
13 14
13 16
14 18
15 18
15 20
16 17
16 18
17 18
18 19
------- test 8 [length 950 bytes] ----
40 170 1 2
1 10
1 11
1 16
1 30
1 31
1 33
1 34
1 36
2 4
2 6
2 9
2 12
2 13
2 14
2 15
2 16
2 19
2 20
2 22
2 25
2 26
2 28
2 30
2 33
3 5
3 8
3 15
3 16
3 20
3 21
3 28
3 32
3 35
3 37
3 39
3 40
4 14
4 17
4 19
4 22
4 25
4 27
4 30
4 37
5 13
5 29
5 35
5 36
5 40
6 14
6 24
6 31
6 35
6 40
7 8
7 19
7 20
7 28
7 32
7 40
8 12
8 14
8 23
8 26
8 30
8 32
9 15
9 20
9 24
9 26
9 27
9 28
9 31
9 34
9 38
10 24
10 26
10 30
10 37
10 39
11 16
11 26
11 30
11 40
12 17
12 22
12 23
12 26
12 27
12 28
12 29
12 30
12 35
12 36
13 16
13 22
13 24
13 25
14 19
14 31
14 36
14 37
15 26
15 30
15 35
15 39
16 17
16 21
16 25
16 29
16 30
16 38
17 18
17 21
17 27
17 34
17 36
17 40
18 20
18 32
19 20
19 26
19 38
20 22
20 26
20 28
20 32
20 33
20 38
20 39
21 23
21 29
22 23
22 31
22 33
22 38
23 24
23 31
23 37
23 38
24 28
24 32
24 34
25 27
25 34
25 37
25 40
26 27
26 32
26 36
26 40
27 37
27 38
28 32
28 39
29 31
29 37
30 35
30 37
30 39
32 33
32 38
32 39
33 34
33 40
34 36
34 39
36 37
36 40
38 39
------- test 9 [length 1896 bytes] ----
40 338 1 2
1 3
2 4
1 6
2 7
1 9
2 10
1 12
2 13
1 15
2 16
1 18
2 19
1 21
2 22
1 24
2 25
1 27
2 28
1 30
2 31
1 33
2 34
1 36
2 37
1 39
2 40
3 5
3 8
3 11
3 14
3 17
3 20
3 23
3 26
3 29
3 32
3 35
3 38
4 5
4 8
4 11
4 14
4 17
4 20
4 23
4 26
4 29
4 32
4 35
4 38
5 6
5 7
5 9
5 10
5 12
5 13
5 15
5 16
5 18
5 19
5 21
5 22
5 24
5 25
5 27
5 28
5 30
5 31
5 33
5 34
5 36
5 37
5 39
5 40
6 8
6 11
6 14
6 17
6 20
6 23
6 26
6 29
6 32
6 35
6 38
7 8
7 11
7 14
7 17
7 20
7 23
7 26
7 29
7 32
7 35
7 38
8 9
8 10
8 12
8 13
8 15
8 16
8 18
8 19
8 21
8 22
8 24
8 25
8 27
8 28
8 30
8 31
8 33
8 34
8 36
8 37
8 39
8 40
9 11
9 14
9 17
9 20
9 23
9 26
9 29
9 32
9 35
9 38
10 11
10 14
10 17
10 20
10 23
10 26
10 29
10 32
10 35
10 38
11 12
11 13
11 15
11 16
11 18
11 19
11 21
11 22
11 24
11 25
11 27
11 28
11 30
11 31
11 33
11 34
11 36
11 37
11 39
11 40
12 14
12 17
12 20
12 23
12 26
12 29
12 32
12 35
12 38
13 14
13 17
13 20
13 23
13 26
13 29
13 32
13 35
13 38
14 15
14 16
14 18
14 19
14 21
14 22
14 24
14 25
14 27
14 28
14 30
14 31
14 33
14 34
14 36
14 37
14 39
14 40
15 17
15 20
15 23
15 26
15 29
15 32
15 35
15 38
16 17
16 20
16 23
16 26
16 29
16 32
16 35
16 38
17 18
17 19
17 21
17 22
17 24
17 25
17 27
17 28
17 30
17 31
17 33
17 34
17 36
17 37
17 39
17 40
18 20
18 23
18 26
18 29
18 32
18 35
18 38
19 20
19 23
19 26
19 29
19 32
19 35
19 38
20 21
20 22
20 24
20 25
20 27
20 28
20 30
20 31
20 33
20 34
20 36
20 37
20 39
20 40
21 23
21 26
21 29
21 32
21 35
21 38
22 23
22 26
22 29
22 32
22 35
22 38
23 24
23 25
23 27
23 28
23 30
23 31
23 33
23 34
23 36
23 37
23 39
23 40
24 26
24 29
24 32
24 35
24 38
25 26
25 29
25 32
25 35
25 38
26 27
26 28
26 30
26 31
26 33
26 34
26 36
26 37
26 39
26 40
27 29
27 32
27 35
27 38
28 29
28 32
28 35
28 38
29 30
29 31
29 33
29 34
29 36
29 37
29 39
29 40
30 32
30 35
30 38
31 32
31 35
31 38
32 33
32 34
32 36
32 37
32 39
32 40
33 35
33 38
34 35
34 38
35 36
35 37
35 39
35 40
36 38
37 38
38 39
38 40
------- test 10 [length 3457 bytes] ----
70 600 17 49
4 6
23 15
40 22
46 4
11 13
63 66
34 6
65 53
53 51
27 10
20 57
60 57
62 41
18 41
53 22
47 37
6 11
64 58
32 39
61 55
64 65
50 27
1 57
9 53
4 68
45 63
67 48
46 14
19 28
47 7
6 65
17 69
52 49
50 54
45 43
49 36
11 61
22 19
55 1
7 1
68 51
5 6
28 50
32 46
19 8
64 25
2 11
35 65
59 26
61 45
10 39
10 20
41 32
50 25
44 56
37 53
48 42
59 18
33 20
5 52
39 69
6 41
9 52
47 9
8 37
53 17
17 62
49 57
35 28
24 8
26 2
61 15
43 61
32 6
10 37
57 48
35 4
30 43
67 19
51 16
55 45
33 2
36 23
70 13
62 35
32 29
37 34
44 21
24 5
38 45
53 36
35 17
51 64
1 48
12 63
63 9
22 15
59 21
27 51
68 70
9 46
34 64
66 69
69 34
44 63
69 8
10 62
13 22
39 37
15 31
68 66
7 68
28 45
60 37
57 11
12 20
4 8
18 14
53 61
7 63
10 28
54 23
61 34
59 5
65 45
10 4
52 28
13 9
15 3
58 1
13 69
20 28
18 49
42 12
52 60
17 61
17 12
25 19
46 13
36 52
57 45
55 38
2 67
59 16
11 58
16 35
68 47
63 16
26 46
39 19
35 55
67 34
11 54
58 46
35 57
32 19
36 34
27 36
61 50
23 19
14 21
7 18
48 44
63 28
62 39
43 21
46 66
4 45
41 50
10 9
60 36
44 50
27 67
10 53
29 17
70 18
60 5
45 52
55 57
64 28
19 51
23 34
37 5
13 68
6 8
70 61
70 38
69 9
20 27
37 20
44 27
36 19
8 20
17 13
59 48
5 11
23 41
16 48
50 46
11 67
66 10
58 7
60 56
15 9
25 52
40 10
20 5
28 39
37 57
51 25
46 67
48 68
57 17
50 68
25 57
19 12
63 8
17 46
55 32
15 25
70 51
11 62
17 68
7 36
68 64
64 60
61 19
42 39
29 51
70 57
26 12
43 68
47 54
60 69
45 7
66 44
12 2
9 22
7 3
33 68
18 4
48 58
67 47
44 34
58 27
56 30
37 32
25 26
30 69
44 25
54 56
39 5
19 45
19 29
54 51
26 13
54 4
70 62
50 43
26 50
69 11
43 46
3 2
56 58
39 40
55 7
44 3
51 62
31 46
54 69
58 49
14 57
41 63
29 66
54 40
16 60
50 30
4 14
17 40
62 59
16 45
69 3
36 12
2 6
17 42
11 30
4 39
20 53
10 23
18 39
64 33
53 41
34 11
22 25
69 37
12 10
52 47
21 53
64 37
24 18
47 40
27 8
35 36
42 64
5 35
26 57
17 59
9 39
26 19
28 68
25 49
62 30
15 16
47 63
45 30
43 9
65 14
61 39
9 7
36 62
43 63
1 9
53 63
38 68
20 26
2 23
60 58
64 44
66 70
58 9
11 48
60 19
23 13
56 65
5 56
3 58
48 52
67 9
7 10
31 66
68 36
36 39
14 58
28 15
18 35
43 53
17 65
7 2
1 12
58 15
11 47
66 19
56 14
21 37
64 2
42 41
52 67
40 9
44 53
52 2
59 58
4 1
11 3
15 21
49 22
51 46
35 21
4 67
57 9
69 28
24 30
1 46
16 56
40 67
55 2
40 65
16 54
28 7
17 20
52 63
60 27
5 70
66 65
61 20
24 3
7 40
58 47
16 32
70 56
51 8
34 68
27 15
60 67
12 61
60 30
35 51
61 58
53 68
39 53
56 17
51 1
60 62
56 40
19 37
46 16
9 35
24 32
38 58
59 27
17 23
19 20
23 14
29 3
8 14
31 58
14 33
2 22
60 61
15 35
6 23
11 29
66 48
28 67
17 44
31 35
5 53
60 33
68 67
46 28
66 2
13 4
8 2
6 22
57 58
48 8
60 6
63 21
52 10
15 42
38 18
52 34
19 53
32 43
56 3
25 12
32 17
6 21
36 65
26 29
50 42
49 21
65 28
3 10
41 46
52 38
26 37
41 52
11 65
63 55
12 68
5 47
17 19
50 8
2 40
29 67
9 8
54 12
18 36
4 25
6 70
62 68
54 15
66 1
4 70
30 34
40 32
3 68
40 11
34 46
1 21
57 4
45 58
1 50
57 62
59 53
7 54
65 10
65 49
41 25
68 26
48 36
44 9
16 30
66 28
21 65
20 9
59 38
63 65
59 69
43 29
51 20
9 11
68 56
46 69
23 52
11 27
8 31
33 27
52 33
6 44
27 64
42 69
35 7
52 15
38 2
37 36
69 25
46 8
23 68
1 53
48 24
21 56
66 53
24 47
15 30
23 4
51 57
22 32
13 59
45 62
24 44
16 11
63 50
32 56
53 24
48 32
69 68
68 55
14 34
40 29
44 32
20 52
50 64
58 32
29 46
49 27
1 47
39 47
56 46
13 54
42 27
17 11
54 29
54 32
10 33
37 67
42 56
34 33
12 35
21 50
11 45
62 4
26 17
4 42
25 58
32 50
38 69
53 69
51 56
5 28
30 25
49 16
24 64
3 27
47 27
26 15
65 60
50 36
46 40
25 29
39 41
68 10
65 58
26 23
30 49
70 55
32 26
41 38
27 21
15 14
49 60
40 31
1 56
30 7
44 67
47 4
16 58
25 40
26 51
6 51
------- test 11 [length 3528 bytes] ----
100 600 1 2
19 95
37 4
33 58
93 26
61 57
73 58
82 17
75 82
28 23
23 77
24 60
34 88
62 72
64 71
62 12
79 32
58 15
35 90
24 79
67 84
36 92
93 17
8 20
50 87
42 24
64 65
83 49
53 97
72 68
19 33
31 97
16 88
12 50
29 87
29 48
23 64
39 15
32 46
34 33
33 76
57 48
92 91
39 19
16 58
3 46
54 18
34 17
67 14
4 47
61 26
62 99
40 45
97 26
78 81
53 86
28 44
28 75
92 67
93 7
24 47
52 29
64 37
46 82
51 1
81 63
26 42
14 17
39 10
94 68
90 46
53 69
42 32
43 33
98 87
39 73
85 42
2 100
79 99
99 13
43 76
55 56
44 45
17 90
12 58
87 64
26 28
47 20
12 45
58 2
17 42
44 70
41 22
68 74
2 66
86 96
93 40
4 89
84 20
78 95
78 64
10 55
92 57
75 55
53 32
57 21
74 100
91 14
39 26
76 25
73 20
16 76
8 52
48 85
46 77
49 8
31 92
16 5
46 20
89 54
40 14
53 30
79 77
40 18
54 67
42 27
38 57
54 46
8 1
82 6
77 82
65 60
73 80
16 71
99 4
24 90
17 29
20 96
5 11
65 11
29 6
37 66
62 90
63 22
43 97
27 19
78 91
30 51
22 46
1 96
9 18
24 80
65 81
42 81
91 22
86 79
40 99
20 54
20 62
50 46
33 28
36 62
30 9
7 2
28 60
97 89
29 73
20 93
5 14
73 95
35 10
25 26
8 44
80 28
25 38
56 13
51 37
21 58
38 1
17 87
41 45
59 60
89 63
25 13
9 12
74 85
37 81
28 16
60 85
45 85
22 52
97 73
89 69
82 78
69 50
64 9
46 74
21 86
88 45
50 48
8 23
32 45
55 60
60 67
44 56
3 18
60 51
42 100
19 75
77 88
76 93
96 21
66 68
58 54
13 59
1 20
81 85
16 87
53 39
83 7
8 94
57 1
75 70
63 50
14 10
22 79
78 79
84 42
61 69
21 29
8 16
56 12
6 90
19 66
84 75
66 76
50 41
97 64
42 10
74 64
41 3
94 76
44 83
3 84
84 10
51 91
74 9
81 92
74 16
18 91
91 20
31 40
35 25
62 85
69 5
19 32
13 22
68 96
83 18
39 56
26 19
99 51
42 76
88 24
15 22
48 68
82 39
60 43
24 28
15 79
59 98
48 97
5 74
15 4
76 100
72 17
76 11
93 42
32 92
61 13
31 21
8 6
100 7
99 11
70 14
41 28
77 67
14 43
22 89
43 45
58 70
55 50
63 87
41 24
51 23
96 10
80 95
68 79
58 37
44 50
17 58
38 93
24 51
92 29
42 1
50 97
50 13
35 42
36 85
17 31
95 96
77 62
26 86
51 69
36 19
78 73
63 2
76 49
99 19
30 92
19 79
88 68
59 77
8 53
25 85
66 50
70 68
71 5
86 48
30 48
49 51
75 78
43 93
56 82
12 47
4 24
24 62
53 84
66 77
20 83
78 41
3 100
98 88
100 27
88 52
83 88
3 57
65 97
78 12
18 33
35 94
46 87
77 63
15 96
46 45
36 48
44 33
87 95
11 26
47 45
13 1
53 29
49 53
49 78
16 66
11 3
11 56
41 87
19 56
34 16
15 95
54 53
31 88
61 95
18 24
65 34
41 27
83 28
38 53
35 72
20 86
45 86
33 50
38 74
66 20
13 79
15 52
44 90
91 61
13 55
46 53
82 33
4 16
13 94
17 39
85 61
76 17
10 13
85 54
54 51
57 97
40 47
9 52
1 7
56 34
39 60
49 3
53 20
2 69
10 86
54 90
50 95
100 22
84 56
2 79
26 54
85 33
88 75
92 88
78 96
8 31
16 17
16 96
2 21
38 51
15 54
36 66
76 71
21 45
45 74
23 22
27 59
54 66
34 46
6 63
93 13
93 9
81 60
80 93
36 46
47 71
11 22
93 83
18 37
56 93
58 34
51 12
52 36
50 1
21 94
9 53
53 65
87 84
57 74
29 55
97 91
28 89
25 46
26 32
90 83
18 92
46 69
80 54
77 29
55 97
75 63
1 27
79 87
63 88
13 43
42 9
34 22
97 58
67 74
42 8
9 59
99 54
27 78
8 55
59 62
3 33
76 3
11 55
42 73
94 54
16 35
14 1
56 10
10 74
36 51
9 32
97 87
61 56
41 19
69 43
3 45
46 14
51 39
86 44
92 1
30 5
66 63
63 53
13 96
96 22
27 45
60 87
52 1
95 60
65 40
73 67
30 11
10 21
63 91
77 16
28 95
47 90
86 95
63 64
39 23
2 90
75 59
62 69
71 26
92 90
5 53
11 20
44 39
35 71
33 64
13 32
5 50
26 68
13 16
42 15
57 16
25 19
84 95
42 88
86 46
92 96
65 35
86 51
58 71
14 22
2 19
72 27
38 84
42 31
50 98
46 75
16 81
21 12
51 62
60 42
9 76
29 94
27 38
64 92
59 17
62 30
43 99
81 15
86 78
41 1
59 14
75 66
100 86
62 88
53 40
25 69
65 28
95 30
15 76
96 100
53 89
1 63
2 16
49 28
82 48
14 41
7 27
66 52
28 48
86 64
91 39
31 6
66 79
57 18
67 9
33 68
25 33
47 58
98 39
50 3
28 29
3 13
93 98
15 35
36 97
92 53