------- test 1 [length 57 bytes] ----
30 1 0 120
180 1 10 100
35 1 20 90
31 1 30 80
32 1 50 60
------- test 2 [length 57 bytes] ----
30 1 350 350
180 1 10 100
35 1 67 23
31 1 30 4
32 1 50 7
------- test 3 [length 60 bytes] ----
180 1 0 120
180 1 120 120
180 1 240 120
31 1 30 4
32 1 50 7
------- test 4 [length 52 bytes] ----
1 1 140 359
1 1 200 359
1 1 4 1
2 1 6 1
1 1 300 300
------- test 5 [length 95 bytes] ----
45 5 140 13 300 17 0 15 20 3 40 1
73 1 200 359
105 2 4 1 50 50
179 3 6 1 8 1 359 3
3 1 300 300
------- test 6 [length 118 bytes] ----
45 5 120 13 200 17 0 15 20 3 32 1
73 5 200 100 1 30 50 10 70 2 75 1
105 2 100 1 50 20
179 3 6 1 8 1 359 3
3 1 300 359
------- test 7 [length 169 bytes] ----
73 5 207 101 1 35 57 11 71 2 75 1
45 5 125 13 200 17 0 15 20 3 32 1
96 5 100 12 50 13 0 2 300 39 250 1
119 5 6 1 8 1 359 1 245 1 123 1
15 5 300 1 231 1 185 1 179 2 0 18
------- test 8 [length 164 bytes] ----
73 5 207 11 1 35 57 11 71 2 75 1
45 5 125 3 200 17 0 15 20 3 32 1
96 5 100 1 50 1 0 2 300 39 250 1
119 5 6 1 8 1 359 1 245 1 123 1
15 5 300 1 231 1 185 1 179 2 0 1