------- test 1 [length 47 bytes] ----
4
30
40
50
25
10
15
16
17
18
19
20
21
25
24
30
------- test 2 [length 40 bytes] ----
1
15
16
1
1
1
1
1
1
1
1
1
1
1
1
1
1
1
1
------- test 3 [length 45 bytes] ----
5
40
50
10
20
30
10
18
3
6
9
12
7
14
21
8
12
------- test 4 [length 595 bytes] ----
10
11
15
13
15
15
15
15
11
19
15
192
4
4
4
5
5
6
6
6
6
6
6
7
7
8
8
8
9
9
10
10
10
10
11
11
11
11
11
11
12
12
12
12
13
13
13
13
13
13
14
14
15
15
15
15
15
16
16
16
16
16
16
16
17
18
19
19
20
20
20
20
20
20
21
21
21
22
22
22
23
23
23
23
23
23
23
24
24
24
25
25
25
25
25
25
26
26
26
26
26
27
27
28
28
28
28
29
29
29
29
29
29
29
29
30
30
30
30
30
31
31
31
32
32
33
33
33
33
33
34
34
35
35
36
37
37
37
38
38
38
39
39
39
39
40
40
40
40
40
40
40
41
41
41
41
41
41
41
41
42
42
42
42
42
42
43
43
43
44
44
44
45
45
45
45
46
46
46
46
46
46
47
47
47
47
47
47
48
48
48
48
48
48
49
49
49
49
49
50
50
50
50
50
------- test 5 [length 589 bytes] ----
10
20
28
29
24
27
27
26
20
30
25
189
5
5
6
6
6
6
6
6
7
7
8
8
8
9
9
10
10
10
10
11
11
11
11
11
11
12
12
12
12
13
13
13
13
13
13
14
14
15
15
15
15
15
16
16
16
16
16
16
16
17
18
19
19
20
20
20
20
20
20
21
21
21
22
22
22
23
23
23
23
23
23
23
24
24
24
25
25
25
25
25
25
26
26
26
26
26
27
27
28
28
28
28
29
29
29
29
29
29
29
29
30
30
30
30
30
31
31
31
32
32
33
33
33
33
33
34
34
35
35
36
37
37
37
38
38
38
39
39
39
39
40
40
40
40
40
40
40
41
41
41
41
41
41
41
41
42
42
42
42
42
42
43
43
43
44
44
44
45
45
45
45
46
46
46
46
46
46
47
47
47
47
47
47
48
48
48
48
48
48
49
49
49
49
49
50
50
50
50
50
------- test 6 [length 569 bytes] ----
10
20
28
22
24
27
27
25
20
30
25
179
8
8
8
9
9
10
10
10
10
11
11
11
11
11
11
12
12
12
12
13
13
13
13
13
13
14
14
15
15
15
15
15
16
16
16
16
16
16
16
17
18
19
19
20
20
20
20
20
20
21
21
21
22
22
22
23
23
23
23
23
23
23
24
24
24
25
25
25
25
25
25
26
26
26
26
26
27
27
28
28
28
28
29
29
29
29
29
29
29
29
30
30
30
30
30
31
31
31
32
32
33
33
33
33
33
34
34
35
35
36
37
37
37
38
38
38
39
39
39
39
40
40
40
40
40
40
40
41
41
41
41
41
41
41
41
42
42
42
42
42
42
43
43
43
44
44
44
45
45
45
45
46
46
46
46
46
46
47
47
47
47
47
47
48
48
48
48
48
48
49
49
49
49
49
50
50
50
50
50
------- test 7 [length 20 bytes] ----
1
100
4
51
99
53
49
------- test 8 [length 3248 bytes] ----
25
1000
200
2200
1900
1800
900
1100
1400
1300
1500
600
500
2600
1600
800
1200
100
700
2100
1700
2500
2300
300
2700
2900
1000
100
73
34
1
82
28
93
75
60
113
11
28
25
1
35
105
19
109
85
122
70
23
105
60
25
87
31
16
35
28
78
81
62
23
89
70
59
17
60
73
95
9
71
79
27
32
73
35
31
28
60
113
70
105
66
1
112
94
120
59
83
76
108
83
77
118
69
48
66
25
109
121
33
15
56
88
124
53
109
82
102
51
38
81
3
45
98
60
106
26
76
60
86
57
13
1
72
99
38
44
1
49
43
57
20
62
109
124
96
110
77
27
54
11
86
21
14
32
104
56
110
98
114
36
7
16
22
45
19
19
67
70
126
85
126
68
119
13
3
29
87
118
115
128
8
57
29
86
96
124
67
30
19
77
75
36
44
122
54
8
61
125
113
37
40
125
55
47
53
46
35
56
94
114
52
92
3
17
85
74
98
117
43
115
23
41
70
8
119
26
106
29
3
78
20
9
94
28
119
108
99
17
128
102
92
5
51
106
118
31
101
63
102
61
37
20
104
5
93
54
5
16
120
81
76
115
23
83
105
33
39
73
69
96
91
93
38
78
93
61
97
45
65
35
44
1
1
64
31
41
23
50
98
121
116
104
43
19
116
124
124
119
126
113
74
2
128
110
123
101
108
72
108
65
104
127
94
107
93
13
127
26
5
28
3
109
64
1
96
19
48
26
58
5
128
105
11
25
71
8
8
99
102
87
110
28
102
118
19
31
33
112
122
23
71
47
74
128
5
24
87
18
93
97
48
47
124
18
79
5
22
50
101
88
29
18
104
61
82
72
80
62
2
56
45
31
7
67
5
67
61
2
39
107
24
31
87
84
11
44
10
95
92
20
22
83
47
128
7
92
79
84
2
103
1
18
95
106
122
74
111
65
43
115
20
54
11
62
19
78
21
80
88
128
22
109
10
94
6
128
37
113
12
16
5
49
108
5
5
108
100
85
46
3
95
122
13
72
106
69
55
118
77
116
7
120
75
29
31
128
86
81
72
44
70
18
32
51
89
118
65
87
18
15
83
13
53
2
46
47
120
86
126
31
50
106
10
24
17
27
28
58
35
10
34
123
67
10
6
126
48
36
94
22
96
64
92
95
84
82
63
56
1
48
19
23
14
96
7
105
8
126
53
11
58
33
15
7
86
68
86
31
31
44
85
83
51
74
53
118
49
12
51
106
95
45
10
42
121
95
74
51
91
120
11
109
53
103
25
56
95
41
28
30
37
5
75
115
125
46
50
73
11
49
42
10
118
67
100
31
84
79
79
120
68
85
40
87
121
8
119
46
74
62
78
2
10
4
16
21
61
6
23
77
111
26
111
21
58
6
14
58
80
112
59
119
7
127
7
58
57
14
9
70
13
34
79
75
99
88
33
24
126
11
17
115
51
126
122
73
38
35
98
57
103
98
99
43
115
123
10
5
115
94
94
28
45
19
111
119
17
13
39
19
86
16
57
38
124
114
110
30
68
101
37
88
95
29
68
75
102
108
2
34
112
57
46
4
55
104
105
126
64
11
117
91
102
4
23
78
58
99
28
70
42
51
7
77
75
120
9
72
72
14
43
119
69
59
96
16
73
23
99
87
106
23
14
1
94
114
29
80
40
28
126
49
121
14
38
78
11
36
8
82
13
59
45
102
86
94
5
14
8
47
113
114
83
80
29
82
120
3
40
13
79
70
61
12
94
22
11
7
74
49
68
84
53
104
27
78
80
119
91
7
41
93
18
61
12
50
122
86
122
121
2
95
2
98
44
62
18
5
43
37
125
6
109
116
77
39
119
9
44
53
74
66
106
106
49
33
114
21
44
83
54
53
98
32
97
79
74
107
92
49
103
79
104
108
91
21
109
38
44
109
49
40
106
64
24
58
37
2
46
46
97
72
11
49
106
36
88
73
67
114
11
13
12
41
26
3
22
86
58
45
18
77
112
55
123
63
9
78
49
67
53
11
119
115
99
5
40
58
31
102
111
111
126
40
83
80
110
74
81
17
99
35
110
117
71
39
107
57
33
65
5
64
71
26
118
76
53
100
22
48
57
26
81
58
30
43
98
97
9
26
106
94
37
8
111
50
97
26
83
98
78
78
59
83
114
33
19
9
2
31
25
76
119
51
26
102
97
93
73
115
97
42
107
14
73
123
50
72
50
12
122
45
14
71
90
80
13
70
47
25
90
32
5
85
116
92
35
68
71
33
5
25
50
11
12
49
35
52
62
123
125
86
80
73
102
29
86
10
63
7
85
41
85
111
23
9
24
29
118
95
93
117
1
98
8
44
------- test 9 [length 3544 bytes] ----
50
10000
10000
10000
10000
10000
10000
10000
10000
10000
10000
10000
10000
10000
10000
10000
10000
10000
10000
10000
10000
10000
10000
10000
10000
10000
10000
10000
10000
10000
10000
10000
10000
10000
10000
10000
10000
10000
10000
10000
10000
10000
10000
10000
10000
10000
10000
10000
10000
10000
10000
1023
93
86
70
22
28
127
93
104
49
29
6
13
72
33
122
9
10
49
121
61
44
42
1
49
87
108
41
81
27
102
74
100
59
16
9
83
117
59
99
122
29
94
81
36
46
93
39
108
37
96
72
29
70
52
65
82
44
99
128
107
50
101
30
21
32
32
2
14
48
27
82
70
75
22
107
20
18
115
107
46
27
19
115
123
116
34
52
14
77
109
109
72
100
66
106
7
13
109
48
75
119
89
93
62
4
104
115
22
85
5
7
37
94
6
25
35
45
96
11
122
48
65
110
39
30
20
45
116
96
9
77
27
15
23
51
32
110
32
66
109
114
33
56
114
56
35
19
106
4
75
114
124
40
68
57
81
109
98
99
99
83
51
79
25
89
103
125
118
9
57
110
103
3
68
56
128
82
125
115
50
41
39
17
67
101
4
66
26
117
28
2
39
125
85
107
111
83
69
98
21
49
87
73
96
59
84
59
9
48
85
13
106
103
40
12
75
112
61
57
101
121
30
125
95
79
7
13
80
23
23
3
32
33
77
96
64
108
36
115
18
50
24
107
12
38
106
4
92
50
87
11
31
89
52
69
117
23
10
98
125
89
52
128
4
109
24
125
122
1
116
13
108
19
95
88
31
105
120
20
10
108
102
93
65
14
17
68
33
127
77
80
66
108
90
114
123
6
98
38
13
3
110
50
51
108
109
87
53
79
73
86
52
63
40
21
80
47
86
97
102
14
107
121
120
61
53
112
12
57
128
29
4
23
42
8
81
48
52
42
108
21
61
92
7
36
11
82
94
110
17
128
18
36
42
60
3
85
94
12
7
47
116
94
120
125
42
48
122
49
80
76
111
17
36
56
122
116
36
111
8
26
59
127
64
1
125
52
83
90
90
83
10
109
108
37
11
18
94
70
46
24
10
120
116
55
56
118
81
96
56
5
119
29
56
59
86
62
3
56
101
13
23
81
1
84
64
103
108
77
34
101
60
111
87
33
61
22
30
29
28
121
55
103
97
126
91
10
9
80
6
90
65
76
114
11
31
32
120
85
87
68
59
33
59
26
86
120
24
91
105
50
54
40
59
36
7
95
95
63
86
11
125
105
123
16
52
4
104
108
67
93
20
39
93
11
17
88
85
106
97
76
22
54
73
53
13
9
55
127
111
42
9
28
10
112
52
111
16
57
41
43
1
41
117
66
39
50
110
70
76
32
125
77
16
36
71
67
33
30
74
56
31
22
56
12
124
54
24
26
38
38
124
47
58
30
90
126
37
29
80
91
95
126
95
93
45
117
112
80
21
37
36
128
112
74
70
67
77
61
95
94
2
64
70
37
36
95
46
96
77
83
126
107
96
37
4
24
47
29
80
57
53
31
56
107
80
10
98
1
37
68
78
38
29
121
58
22
32
73
106
7
3
84
15
39
75
114
120
53
69
12
63
51
121
71
3
38
23
20
7
101
86
69
52
118
91
65
86
102
61
118
15
49
21
29
98
26
73
126
81
9
7
46
98
81
5
22
14
124
10
36
123
105
93
120
112
112
12
128
99
87
52
59
45
53
62
41
37
44
46
29
49
1
125
108
38
4
40
62
111
84
92
112
83
99
103
79
104
82
107
30
119
5
106
42
96
9
38
108
80
34
122
95
70
42
24
41
74
21
94
48
70
47
40
45
107
4
73
121
17
116
33
123
115
106
114
18
79
60
97
87
40
26
91
19
75
43
54
71
83
43
78
23
66
45
120
10
112
91
6
96
107
77
67
120
7
91
7
122
46
123
108
88
63
18
40
64
6
72
34
33
23
74
76
91
27
8
65
49
88
82
77
44
3
110
79
109
43
8
22
42
59
16
51
87
113
97
103
43
74
96
18
15
53
81
88
31
23
23
100
74
101
46
121
63
114
4
51
50
38
127
49
36
66
93
13
58
102
59
72
85
116
111
40
102
25
122
28
69
7
75
46
120
40
18
15
55
90
89
70
23
9
40
29
36
27
99
61
99
20
49
40
123
111
12
113
118
123
93
114
102
73
51
89
90
122
124
66
112
110
82
76
108
50
73
69
36
40
64
115
46
60
45
15
21
50
106
104
11
94
108
91
91
70
122
8
12
2
69
114
128
104
113
118
123
76
2
68
91
90
43
73
117
106
120
50
88
63
89
115
109
19
118
9
56
115
103
78
37
52
35
40
58
19
83
95
10
75
80
95
57
43
121
71
12
119
55
113
52
35
69
101
97
53
39
86
76
82
91
40
56
78
41
28
45
65
50
16
91
114
13
8
110
35
27
95
70
8
104
90
87
123
52
123
39
44
5
74
35
112
85
127
84
------- test 10 [length 22 bytes] ----
2
50
60
4
45
25
15
25
------- test 11 [length 21 bytes] ----
2
50
60
4
5
25
35
45
------- test 12 [length 31 bytes] ----
4
14
31
29
13
5
32
45
93
72
64