------- test 1 [length 61 bytes] ----
13
5 5
0 0
7 0
5 2
7 5
5 7
3 5
4 9
1 8
2 5
0 9
-2 7
0 3
-3 1
------- test 2 [length 22 bytes] ----
4
1 1
0 0
2 0
2 2
0 2
------- test 3 [length 24 bytes] ----
4
1 -10
0 0
2 0
2 2
0 2
------- test 4 [length 57 bytes] ----
12
1 -10
0 0
1 0
2 0
3 0
3 1
3 2
3 3
2 3
1 3
0 3
0 2
0 1
------- test 5 [length 26 bytes] ----
4
100 100
0 0
2 0
2 2
0 2
------- test 6 [length 0 bytes] ----
------- test 7 [length 0 bytes] ----
------- test 8 [length 987 bytes] ----
199
-2 -10
0 0
1 1
0 1
1 2
0 2
1 3
0 3
1 4
0 4
1 5
0 5
1 6
0 6
1 7
0 7
1 8
0 8
1 9
0 9
1 10
0 10
1 11
0 11
1 12
0 12
1 13
0 13
1 14
0 14
1 15
0 15
1 16
0 16
1 17
0 17
1 18
0 18
1 19
0 19
1 20
0 20
1 21
0 21
1 22
0 22
1 23
0 23
1 24
0 24
1 25
0 25
1 26
0 26
1 27
0 27
1 28
0 28
1 29
0 29
1 30
0 30
1 31
0 31
1 32
0 32
1 33
0 33
1 34
0 34
1 35
0 35
1 36
0 36
1 37
0 37
1 38
0 38
1 39
0 39
1 40
0 40
1 41
0 41
1 42
0 42
1 43
0 43
1 44
0 44
1 45
0 45
1 46
0 46
1 47
0 47
1 48
0 48
1 49
0 49
1 50
0 50
1 51
0 51
1 52
0 52
1 53
0 53
1 54
0 54
1 55
0 55
1 56
0 56
1 57
0 57
1 58
0 58
1 59
0 59
1 60
0 60
1 61
0 61
1 62
0 62
1 63
0 63
1 64
0 64
1 65
0 65
1 66
0 66
1 67
0 67
1 68
0 68
1 69
0 69
1 70
0 70
1 71
0 71
1 72
0 72
1 73
0 73
1 74
0 74
1 75
0 75
1 76
0 76
1 77
0 77
1 78
0 78
1 79
0 79
1 80
0 80
1 81
0 81
1 82
0 82
1 83
0 83
1 84
0 84
1 85
0 85
1 86
0 86
1 87
0 87
1 88
0 88
1 89
0 89
1 90
0 90
1 91
0 91
1 92
0 92
1 93
0 93
1 94
0 94
1 95
0 95
1 96
0 96
1 97
0 97
1 98
0 98
-1 1
-1 0
------- test 9 [length 986 bytes] ----
199
-1 10
0 0
2 1
0 1
2 2
0 2
2 3
0 3
2 4
0 4
2 5
0 5
2 6
0 6
2 7
0 7
2 8
0 8
2 9
0 9
2 10
0 10
2 11
0 11
2 12
0 12
2 13
0 13
2 14
0 14
2 15
0 15
2 16
0 16
2 17
0 17
2 18
0 18
2 19
0 19
2 20
0 20
2 21
0 21
2 22
0 22
2 23
0 23
2 24
0 24
2 25
0 25
2 26
0 26
2 27
0 27
2 28
0 28
2 29
0 29
2 30
0 30
2 31
0 31
2 32
0 32
2 33
0 33
2 34
0 34
2 35
0 35
2 36
0 36
2 37
0 37
2 38
0 38
2 39
0 39
2 40
0 40
2 41
0 41
2 42
0 42
2 43
0 43
2 44
0 44
2 45
0 45
2 46
0 46
2 47
0 47
2 48
0 48
2 49
0 49
2 50
0 50
2 51
0 51
2 52
0 52
2 53
0 53
2 54
0 54
2 55
0 55
2 56
0 56
2 57
0 57
2 58
0 58
2 59
0 59
2 60
0 60
2 61
0 61
2 62
0 62
2 63
0 63
2 64
0 64
2 65
0 65
2 66
0 66
2 67
0 67
2 68
0 68
2 69
0 69
2 70
0 70
2 71
0 71
2 72
0 72
2 73
0 73
2 74
0 74
2 75
0 75
2 76
0 76
2 77
0 77
2 78
0 78
2 79
0 79
2 80
0 80
2 81
0 81
2 82
0 82
2 83
0 83
2 84
0 84
2 85
0 85
2 86
0 86
2 87
0 87
2 88
0 88
2 89
0 89
2 90
0 90
2 91
0 91
2 92
0 92
2 93
0 93
2 94
0 94
2 95
0 95
2 96
0 96
2 97
0 97
2 98
0 98
-2 1
-2 0
------- test 10 [length 986 bytes] ----
199
10 10
0 0
1 1
0 1
1 2
0 2
1 3
0 3
1 4
0 4
1 5
0 5
1 6
0 6
1 7
0 7
1 8
0 8
1 9
0 9
1 10
0 10
1 11
0 11
1 12
0 12
1 13
0 13
1 14
0 14
1 15
0 15
1 16
0 16
1 17
0 17
1 18
0 18
1 19
0 19
1 20
0 20
1 21
0 21
1 22
0 22
1 23
0 23
1 24
0 24
1 25
0 25
1 26
0 26
1 27
0 27
1 28
0 28
1 29
0 29
1 30
0 30
1 31
0 31
1 32
0 32
1 33
0 33
1 34
0 34
1 35
0 35
1 36
0 36
1 37
0 37
1 38
0 38
1 39
0 39
1 40
0 40
1 41
0 41
1 42
0 42
1 43
0 43
1 44
0 44
1 45
0 45
1 46
0 46
1 47
0 47
1 48
0 48
1 49
0 49
1 50
0 50
1 51
0 51
1 52
0 52
1 53
0 53
1 54
0 54
1 55
0 55
1 56
0 56
1 57
0 57
1 58
0 58
1 59
0 59
1 60
0 60
1 61
0 61
1 62
0 62
1 63
0 63
1 64
0 64
1 65
0 65
1 66
0 66
1 67
0 67
1 68
0 68
1 69
0 69
1 70
0 70
1 71
0 71
1 72
0 72
1 73
0 73
1 74
0 74
1 75
0 75
1 76
0 76
1 77
0 77
1 78
0 78
1 79
0 79
1 80
0 80
1 81
0 81
1 82
0 82
1 83
0 83
1 84
0 84
1 85
0 85
1 86
0 86
1 87
0 87
1 88
0 88
1 89
0 89
1 90
0 90
1 91
0 91
1 92
0 92
1 93
0 93
1 94
0 94
1 95
0 95
1 96
0 96
1 97
0 97
1 98
0 98
-1 1
-1 0
------- test 11 [length 36 bytes] ----
7
1 3
1 1
-2 1
1 -4
3 2
1 2
2 0
0 0
------- test 12 [length 31 bytes] ----
6
7 8
6 6
8 6
8 8
15 0
0 0
6 8