------- test 1 [length 26 bytes] ----
3
0 0 0 1
2 0 2 1
0 3 2 3
------- test 2 [length 66 bytes] ----
8
0 0 1 0
1 0 2 0
2 0 2 1
2 1 2 2
2 2 1 2
1 2 0 2
0 2 0 1
0 1 0 0
------- test 3 [length 291 bytes] ----
36
0 0 1 0
0 0 0 1
5 0 5 1
0 5 1 5
1 0 2 0
0 1 0 2
5 1 5 2
1 5 2 5
2 0 3 0
0 2 0 3
5 2 5 3
2 5 3 5
3 0 4 0
0 3 0 4
5 3 5 4
3 5 4 5
4 0 5 0
0 4 0 5
5 4 5 5
4 5 5 5
1 1 2 1
1 1 1 2
4 1 4 2
1 4 2 4
2 1 3 1
1 2 1 3
4 2 4 3
2 4 3 4
3 1 4 1
1 3 1 4
4 3 4 4
3 4 4 4
2 2 3 2
2 2 2 3
3 2 3 3
2 3 3 3
------- test 4 [length 531 bytes] ----
44
10 10 11 10
10 10 10 11
20 10 20 11
10 20 11 20
11 10 12 10
10 11 10 12
20 11 20 12
11 20 12 20
12 10 13 10
10 12 10 13
20 12 20 13
12 20 13 20
13 10 14 10
10 13 10 14
20 13 20 14
13 20 14 20
14 10 15 10
10 14 10 15
20 14 20 15
14 20 15 20
15 10 16 10
10 15 10 16
20 15 20 16
15 20 16 20
16 10 17 10
10 16 10 17
20 16 20 17
16 20 17 20
17 10 18 10
10 17 10 18
20 17 20 18
17 20 18 20
18 10 19 10
10 18 10 19
20 18 20 19
18 20 19 20
19 10 20 10
10 19 10 20
20 19 20 20
19 20 20 20
20 20 21 20
20 20 20 21
21 20 21 21
20 21 21 21
------- test 5 [length 1348 bytes] ----
112
10 50 11 50
10 50 10 51
20 50 20 51
10 60 11 60
11 50 12 50
10 51 10 52
20 51 20 52
11 60 12 60
12 50 13 50
10 52 10 53
20 52 20 53
12 60 13 60
13 50 14 50
10 53 10 54
20 53 20 54
13 60 14 60
14 50 15 50
10 54 10 55
20 54 20 55
14 60 15 60
15 50 16 50
10 55 10 56
20 55 20 56
15 60 16 60
16 50 17 50
10 56 10 57
20 56 20 57
16 60 17 60
17 50 18 50
10 57 10 58
20 57 20 58
17 60 18 60
18 50 19 50
10 58 10 59
20 58 20 59
18 60 19 60
19 50 20 50
10 59 10 60
20 59 20 60
19 60 20 60
50 50 51 50
50 50 50 51
60 50 60 51
50 60 51 60
51 50 52 50
50 51 50 52
60 51 60 52
51 60 52 60
52 50 53 50
50 52 50 53
60 52 60 53
52 60 53 60
53 50 54 50
50 53 50 54
60 53 60 54
53 60 54 60
54 50 55 50
50 54 50 55
60 54 60 55
54 60 55 60
55 50 56 50
50 55 50 56
60 55 60 56
55 60 56 60
56 50 57 50
50 56 50 57
60 56 60 57
56 60 57 60
57 50 58 50
50 57 50 58
60 57 60 58
57 60 58 60
58 50 59 50
50 58 50 59
60 58 60 59
58 60 59 60
59 50 60 50
50 59 50 60
60 59 60 60
59 60 60 60
52 52 53 52
52 52 52 53
58 52 58 53
52 58 53 58
53 52 54 52
52 53 52 54
58 53 58 54
53 58 54 58
54 52 55 52
52 54 52 55
58 54 58 55
54 58 55 58
55 52 56 52
52 55 52 56
58 55 58 56
55 58 56 58
56 52 57 52
52 56 52 57
58 56 58 57
56 58 57 58
57 52 58 52
52 57 52 58
58 57 58 58
57 58 58 58
54 54 55 54
54 54 54 55
56 54 56 55
54 56 55 56
55 54 56 54
54 55 54 56
56 55 56 56
55 56 56 56
------- test 6 [length 1348 bytes] ----
112
40 40 41 40
40 40 40 41
60 40 60 41
40 60 41 60
41 40 42 40
40 41 40 42
60 41 60 42
41 60 42 60
42 40 43 40
40 42 40 43
60 42 60 43
42 60 43 60
43 40 44 40
40 43 40 44
60 43 60 44
43 60 44 60
44 40 45 40
40 44 40 45
60 44 60 45
44 60 45 60
45 40 46 40
40 45 40 46
60 45 60 46
45 60 46 60
46 40 47 40
40 46 40 47
60 46 60 47
46 60 47 60
47 40 48 40
40 47 40 48
60 47 60 48
47 60 48 60
48 40 49 40
40 48 40 49
60 48 60 49
48 60 49 60
49 40 50 40
40 49 40 50
60 49 60 50
49 60 50 60
50 40 51 40
40 50 40 51
60 50 60 51
50 60 51 60
51 40 52 40
40 51 40 52
60 51 60 52
51 60 52 60
52 40 53 40
40 52 40 53
60 52 60 53
52 60 53 60
53 40 54 40
40 53 40 54
60 53 60 54
53 60 54 60
54 40 55 40
40 54 40 55
60 54 60 55
54 60 55 60
55 40 56 40
40 55 40 56
60 55 60 56
55 60 56 60
56 40 57 40
40 56 40 57
60 56 60 57
56 60 57 60
57 40 58 40
40 57 40 58
60 57 60 58
57 60 58 60
58 40 59 40
40 58 40 59
60 58 60 59
58 60 59 60
59 40 60 40
40 59 40 60
60 59 60 60
59 60 60 60
41 41 42 41
41 41 41 42
43 41 43 42
41 43 42 43
42 41 43 41
41 42 41 43
43 42 43 43
42 43 43 43
57 57 58 57
57 57 57 58
59 57 59 58
57 59 58 59
58 57 59 57
57 58 57 59
59 58 59 59
58 59 59 59
41 57 42 57
41 57 41 58
43 57 43 58
41 59 42 59
42 57 43 57
41 58 41 59
43 58 43 59
42 59 43 59
57 41 58 41
57 41 57 42
59 41 59 42
57 43 58 43
58 41 59 41
57 42 57 43
59 42 59 43
58 43 59 43
------- test 7 [length 809 bytes] ----
76
0 0 1 0
0 0 0 1
5 0 5 1
0 5 1 5
1 0 2 0
0 1 0 2
5 1 5 2
1 5 2 5
2 0 3 0
0 2 0 3
5 2 5 3
2 5 3 5
3 0 4 0
0 3 0 4
5 3 5 4
3 5 4 5
4 0 5 0
0 4 0 5
5 4 5 5
4 5 5 5
95 95 96 95
95 95 95 96
100 95 100 96
95 100 96 100
96 95 97 95
95 96 95 97
100 96 100 97
96 100 97 100
97 95 98 95
95 97 95 98
100 97 100 98
97 100 98 100
98 95 99 95
95 98 95 99
100 98 100 99
98 100 99 100
99 95 100 95
95 99 95 100
100 99 100 100
99 100 100 100
0 95 1 95
0 95 0 96
5 95 5 96
0 100 1 100
1 95 2 95
0 96 0 97
5 96 5 97
1 100 2 100
2 95 3 95
0 97 0 98
5 97 5 98
2 100 3 100
3 95 4 95
0 98 0 99
5 98 5 99
3 100 4 100
4 95 5 95
0 99 0 100
5 99 5 100
4 100 5 100
96 0 97 0
96 0 96 1
100 0 100 1
96 4 97 4
97 0 98 0
96 1 96 2
100 1 100 2
97 4 98 4
98 0 99 0
96 2 96 3
100 2 100 3
98 4 99 4
99 0 100 0
96 3 96 4
100 3 100 4
99 4 100 4
------- test 8 [length 1124 bytes] ----
100
0 0 1 0
0 0 0 1
5 0 5 1
0 5 1 5
1 0 2 0
0 1 0 2
5 1 5 2
1 5 2 5
2 0 3 0
0 2 0 3
5 2 5 3
2 5 3 5
3 0 4 0
0 3 0 4
5 3 5 4
3 5 4 5
4 0 5 0
0 4 0 5
5 4 5 5
4 5 5 5
20 80 21 80
20 80 20 81
25 80 25 81
20 85 21 85
21 80 22 80
20 81 20 82
25 81 25 82
21 85 22 85
22 80 23 80
20 82 20 83
25 82 25 83
22 85 23 85
23 80 24 80
20 83 20 84
25 83 25 84
23 85 24 85
24 80 25 80
20 84 20 85
25 84 25 85
24 85 25 85
40 40 41 40
40 40 40 41
45 40 45 41
40 45 41 45
41 40 42 40
40 41 40 42
45 41 45 42
41 45 42 45
42 40 43 40
40 42 40 43
45 42 45 43
42 45 43 45
43 40 44 40
40 43 40 44
45 43 45 44
43 45 44 45
44 40 45 40
40 44 40 45
45 44 45 45
44 45 45 45
60 40 61 40
60 40 60 41
65 40 65 41
60 45 61 45
61 40 62 40
60 41 60 42
65 41 65 42
61 45 62 45
62 40 63 40
60 42 60 43
65 42 65 43
62 45 63 45
63 40 64 40
60 43 60 44
65 43 65 44
63 45 64 45
64 40 65 40
60 44 60 45
65 44 65 45
64 45 65 45
80 80 81 80
80 80 80 81
85 80 85 81
80 85 81 85
81 80 82 80
80 81 80 82
85 81 85 82
81 85 82 85
82 80 83 80
80 82 80 83
85 82 85 83
82 85 83 85
83 80 84 80
80 83 80 84
85 83 85 84
83 85 84 85
84 80 85 80
80 84 80 85
85 84 85 85
84 85 85 85
------- test 9 [length 1174 bytes] ----
100
0 50 0 51
1 78 1 79
2 55 2 56
3 32 3 33
4 94 4 95
5 40 5 41
6 37 6 38
7 95 7 96
8 32 8 33
9 0 9 1
10 4 10 5
11 53 11 54
12 60 12 61
13 31 13 32
14 75 14 76
15 7 15 8
16 37 16 38
17 45 17 46
18 39 18 40
19 69 19 70
20 12 20 13
21 67 21 68
22 15 22 16
23 55 23 56
24 33 24 34
25 84 25 85
26 38 26 39
27 74 27 75
28 95 28 96
29 14 29 15
30 23 30 24
31 97 31 98
32 93 32 94
33 78 33 79
34 29 34 30
35 39 35 40
36 18 36 19
37 19 37 20
38 34 38 35
39 3 39 4
40 19 40 20
41 38 41 39
42 56 42 57
43 80 43 81
44 22 44 23
45 83 45 84
46 87 46 88
47 59 47 60
48 28 48 29
49 78 49 79
50 80 50 81
51 92 51 93
52 98 52 99
53 48 53 49
54 48 54 49
55 83 55 84
56 32 56 33
57 86 57 87
58 58 58 59
59 79 59 80
60 52 60 53
61 33 61 34
62 76 62 77
63 45 63 46
64 11 64 12
65 6 65 7
66 85 66 86
67 29 67 30
68 25 68 26
69 71 69 72
70 84 70 85
71 44 71 45
72 62 72 63
73 40 73 41
74 76 74 77
75 36 75 37
76 24 76 25
77 15 77 16
78 47 78 48
79 52 79 53
80 94 80 95
81 28 81 29
82 97 82 98
83 44 83 45
84 28 84 29
85 45 85 46
86 27 86 28
87 60 87 61
88 83 88 84
89 85 89 86
90 40 90 41
91 35 91 36
92 18 92 19
93 16 93 17
94 33 94 34
95 81 95 82
96 74 96 75
97 70 97 71
98 63 98 64
99 51 99 52
------- test 10 [length 1168 bytes] ----
100
14 81 14 96
32 91 52 91
68 97 68 97
9 4 9 89
57 11 57 72
16 6 16 46
25 63 33 63
43 28 61 28
61 44 61 61
35 74 35 83
71 20 85 20
77 44 94 44
7 37 7 94
43 43 43 83
6 52 47 52
80 63 93 63
7 73 7 88
47 52 47 91
25 23 25 88
67 37 86 37
27 3 54 3
98 40 98 44
92 71 92 90
34 63 34 80
89 56 89 68
9 36 9 90
12 63 99 63
0 28 27 28
31 9 97 9
49 93 64 93
16 44 16 83
59 86 59 86
43 84 43 96
72 96 72 96
59 78 70 78
6 26 6 63
87 41 87 42
86 58 86 81
54 50 61 50
89 2 94 2
86 3 99 3
51 78 51 79
56 15 56 67
42 18 42 75
12 75 26 75
85 3 85 36
6 11 91 11
14 18 14 66
21 71 21 75
49 11 58 11
26 63 26 65
81 74 88 74
49 24 72 24
79 49 79 90
61 30 98 30
48 15 48 92
86 43 86 45
54 83 58 83
98 15 98 26
90 55 90 71
79 21 88 21
70 51 81 51
33 80 45 80
48 38 78 38
81 3 88 3
38 18 38 30
86 72 86 96
79 44 79 46
17 45 17 88
49 17 49 88
49 82 97 82
20 72 53 72
27 58 54 58
28 11 28 82
36 21 59 21
17 62 63 62
59 99 59 99
16 46 16 89
80 59 80 84
84 51 84 95
61 49 61 80
13 30 16 30
3 98 98 98
60 94 72 94
93 83 94 83
29 75 29 87
87 98 97 98
1 72 58 72
73 11 73 34
94 59 94 74
58 4 82 4
50 26 96 26
9 27 9 62
2 40 2 69
38 19 59 19
43 47 43 75
10 57 10 84
68 43 86 43
99 24 99 89
3 95 3 99
------- test 11 [length 1515 bytes] ----
130
0 51 0 72
1 19 1 70
2 94 2 97
3 84 3 95
4 59 4 88
5 74 5 94
6 44 6 95
7 12 7 16
8 34 8 87
9 95 9 97
10 43 10 99
11 13 11 75
12 79 12 98
13 89 13 94
14 16 14 17
15 83 15 96
16 82 16 92
17 35 17 48
18 69 18 91
19 43 19 49
20 33 20 59
21 33 21 81
22 25 22 96
23 1 23 81
24 97 24 99
25 84 25 96
26 14 26 53
27 27 27 79
28 42 28 79
29 0 29 11
30 2 30 95
31 30 31 56
32 89 32 90
33 64 33 71
34 88 34 88
35 40 35 42
36 78 36 89
37 51 37 88
38 71 38 89
39 67 39 97
40 1 40 15
41 61 41 97
42 1 42 1
43 62 43 84
44 6 44 34
45 7 45 44
46 50 46 87
47 97 47 99
48 55 48 98
49 2 49 41
50 73 50 96
51 17 51 59
52 20 52 21
53 59 53 71
54 74 54 76
55 12 55 79
56 82 56 82
57 95 57 99
58 63 58 98
59 80 59 81
60 72 60 83
61 81 61 85
62 76 62 90
63 65 63 86
64 92 64 92
0 75 17 75
1 14 71 14
2 21 22 21
3 65 41 65
4 78 19 78
5 10 40 10
6 19 85 19
7 16 40 16
8 29 87 29
9 76 93 76
10 0 80 0
11 48 68 48
12 74 64 74
13 12 17 12
14 8 92 8
15 59 23 59
16 74 50 74
17 79 78 79
18 60 83 60
19 27 84 27
20 36 57 36
21 81 91 81
22 82 61 82
23 74 61 74
24 29 38 29
25 72 81 72
26 2 34 2
27 15 82 15
28 97 32 97
29 67 57 67
30 84 77 84
31 40 46 40
32 53 39 53
33 5 66 5
34 64 82 64
35 4 53 4
36 22 89 22
37 60 80 60
38 34 80 34
39 16 77 16
40 88 48 88
41 97 77 97
42 61 82 61
43 18 58 18
44 92 50 92
45 67 84 67
46 65 91 65
47 39 90 39
48 26 77 26
49 35 68 35
50 29 91 29
51 48 91 48
52 76 84 76
53 56 70 56
54 47 58 47
55 78 95 78
56 64 87 64
57 78 68 78
58 88 68 88
59 87 73 87
60 34 74 34
61 61 66 61
62 61 95 61
63 73 69 73
64 46 93 46
------- test 12 [length 1520 bytes] ----
130
33 64 41 64
45 50 45 54
9 53 64 53
44 62 44 66
16 49 16 74
80 50 85 50
68 32 98 32
16 98 16 98
62 48 62 64
50 30 50 81
35 44 56 44
6 93 55 93
94 15 94 64
17 39 70 39
23 94 23 98
93 83 93 89
83 20 99 20
2 32 2 85
76 53 76 75
98 30 98 30
97 57 97 58
49 61 82 61
56 21 56 63
56 6 56 25
78 76 78 96
60 68 96 68
73 94 73 99
76 80 93 80
89 85 89 90
47 97 86 97
71 27 71 74
86 16 90 16
44 91 92 91
60 74 60 95
20 15 28 15
47 72 47 84
10 66 49 66
64 42 64 61
21 24 21 51
92 81 92 96
73 29 83 29
3 38 3 42
53 75 53 75
0 98 0 98
65 67 81 67
9 87 9 93
63 82 63 83
16 18 16 47
47 90 47 93
80 44 85 44
72 3 96 3
2 25 2 94
45 9 45 38
48 68 59 68
50 32 50 94
2 63 24 63
53 33 57 33
30 84 30 86
39 7 39 29
32 64 32 93
73 12 73 29
80 25 80 83
57 2 94 2
65 9 65 34
42 19 72 19
55 25 55 44
32 4 32 45
20 4 20 17
17 82 17 97
8 2 8 83
57 34 98 34
43 43 88 43
62 48 62 89
26 88 26 90
45 56 75 56
60 74 69 74
56 29 80 29
84 63 84 90
49 67 75 67
11 8 11 49
9 44 34 44
32 11 73 11
67 73 80 73
47 58 93 58
87 88 87 91
3 10 3 13
77 80 80 80
88 79 88 86
23 13 23 29
24 82 35 82
7 84 7 94
94 79 94 79
67 33 71 33
95 70 95 83
50 73 90 73
5 31 5 47
96 76 96 96
10 30 77 30
66 86 85 86
17 33 89 33
18 0 18 66
22 36 68 36
61 4 88 4
88 55 92 55
83 91 93 91
73 72 87 72
10 35 68 35
20 0 50 0
52 25 52 50
61 47 72 47
4 14 44 14
21 40 21 45
31 89 67 89
14 14 20 14
49 2 49 23
54 69 54 97
94 72 95 72
20 33 20 94
47 71 47 97
63 52 63 86
42 29 92 29
43 52 43 57
6 37 6 93
58 82 63 82
55 0 55 75
33 42 60 42
65 23 65 92
75 32 94 32
61 30 98 30
35 58 96 58