------- test 1 [length 8 bytes] ----
2 7
3 5
------- test 2 [length 13 bytes] ----
4 19
2 3 5 7
------- test 3 [length 7 bytes] ----
1 20
2
------- test 4 [length 22 bytes] ----
6 10000
2 3 5 7 11 13
------- test 5 [length 22 bytes] ----
6 25000
2 3 5 7 11 13
------- test 6 [length 29 bytes] ----
8 100000
2 3 5 7 11 13 17 19
------- test 7 [length 25 bytes] ----
7 30000
2 3 5 7 11 17 23
------- test 8 [length 26 bytes] ----
7 28888
2 3 5 11 17 23 31
------- test 9 [length 7 bytes] ----
1 30
2
------- test 10 [length 18 bytes] ----
4 300
11 17 23 31
------- test 11 [length 21 bytes] ----
5 300
11 17 19 23 31
------- test 12 [length 382 bytes] ----
100 100000
2 3 5 7 11 13 17 19 23 29 31 37 41 43 47 53 59 61 67 71 73 79 83 89 97 101 103 107 109 113 127 131 137 139 149 151 157 163 167 173 179 181 191 193 197 199 211 223 227 229 233 239 241 251 257 263 269 271 277 281 283 293 307 311 313 317 331 337 347 349 353 359 367 373 379 383 389 397 401 409 419 421 431 433 439 443 449 457 461 463 467 479 487 491 499 503 509 521 523 541