------- test 1 [length 18 bytes] ----
4
0 0
1 0
1 1
0 1
------- test 2 [length 23 bytes] ----
4
21 7
11 23
11 7
5 10
------- test 3 [length 37 bytes] ----
6
1 15
20 15
17 11
22 21
25 11
20 17
------- test 4 [length 117 bytes] ----
6
879221060 76350727
161945371 76350727
380619073 76350727
896289713 76350727
852891025 852349940
519959866 76350727
------- test 5 [length 159 bytes] ----
8
491007315 324539677
99582962 578796531
491007315 768974420
373902710 578796531
99582962 332416760
946724340 321414549
976998120 638226676
49126574 437845706
------- test 6 [length 198 bytes] ----
10
987878530 332490544
545074228 332490544
571194544 278963943
32922985 229703843
571194544 851333603
90862786 28227282
219975775 267376202
219975775 332490544
90862786 62367085
872930617 951881113
------- test 7 [length 243 bytes] ----
12
636437309 704270751
695056713 700147825
636437309 356396548
921201220 589666013
430411607 671693685
324259336 671693685
723442153 589666013
528904109 419799944
921201220 356396548
723442153 856537355
691516566 726853849
941903572 634527403
------- test 8 [length 53 bytes] ----
12
0 0
1 0
2 0
3 0
4 0
5 0
6 0
7 0
8 0
9 0
10 1
10 0
------- test 9 [length 243 bytes] ----
12
572085931 667578536
964406504 667578536
656852339 870264627
110654368 823223484
513786208 528178006
620147001 528178006
227047539 667578536
656852339 528178006
945298921 528178006
945298921 870264627
840030425 870264627
828839382 528178006
------- test 10 [length 236 bytes] ----
12
5138254 91583927
607865472 167507876
51248250 8250417
675467597 611809280
157130071 946061365
138261433 967068106
769112165 966993974
675467597 144175980
769112165 475105594
51248250 144175980
947874168 111530133
164921238 967068106