------- test 1 [length 16 bytes] ----
5 2 3
1 1
3 1 4
------- test 2 [length 14 bytes] ----
2 2 2
3 5
8 5
------- test 3 [length 13 bytes] ----
10 1 2
1
2 3
------- test 4 [length 15 bytes] ----
10 2 1
3 19
10
------- test 5 [length 21 bytes] ----
10 1 5
15
6 2 4 4 20
------- test 6 [length 21 bytes] ----
10 5 1
6 20 9 8 12
2
------- test 7 [length 16 bytes] ----
100 2 2
2 3
2 3
------- test 8 [length 30 bytes] ----
100 5 5
18 15 4 2 6
4 8 9 2 3
------- test 9 [length 56 bytes] ----
100 10 10
7 20 7 3 16 8 16 10 4 1
3 5 7 2 18 5 13 8 4 7
------- test 10 [length 19 bytes] ----
1000 2 3
1 1
2 6 7
------- test 11 [length 16 bytes] ----
1000 2 1
8 5
13
------- test 12 [length 160 bytes] ----
1000 30 30
15 15 2 1 13 2 1 15 12 2 3 16 15 5 13 6 17 14 17 2 9 9 13 12 14 8 2 8 12 1
19 2 20 6 2 10 16 9 13 6 13 18 9 1 7 14 5 2 5 14 1 13 11 2 4 17 8 20 8 19